Product_ID
109498
109512
232791
244221
249316
249336
256229
256231
256247
256255
256273
256275
256291
256418
259741
259745
260450
109510
109516
109518
109522
146874
188616
221360
227408
232830
233792
234924
235064
235066
235068
235070
235534
236055
236940
237000
237423
237522
237524
237534
237536
238253
244245
244247
244249
244251
244255
246500
246502
246504
246506
246510
246512
246514
246518
246526
246528
246530
246532
246536
246538
246540
246542
247566
256227
256241
256283
256303
256304
256305
256544
257667
259737
260181
260191
260195
260209
260211
260217
260221
260225
260229
260231
260233
260237
260241
260243
260245
260247
260251
260257
260259
260437
260440
260442
260445
260447
260457
260459
260462
260464
260472
260474
260479
260486
260490
261386
261388
261390
261392
261399
261401
261403
261405
261409
261410
261420
261424
261437
261445
261447
261449
261451
261455
261476
261479
261482
261487
261494
261496
261497
261517
261518
261529
261604
261608
261619
261623
261625
261629
261631
261642
261693
261782
262040
268783
261696
261700
261704
261773
261775
261777
261779
261807
261814
261817
261873
262008
262012
262014
262019
262020
262024
262034
262048
262055
262061
262064
262065
262066
262067
262069
262078
263331
263333
263339
263589
263591
263597
263601
263603
263607
263609
263619
263621
263629
263721
264163
264165
264167
264169
264543
264546
264555
264556
264557
264559
264563
264564
264565
264566
264567
264568
264569
264572
264573
264574
264577
264579
264580
264581
264587
264590
264591
264593
264594
264595
264596
264598
264600
264601
264604
264605
264606
264607
264608
264609
264610
264611
265172
265173
265904
266835
266836
266843
266846
266911
266912
266927
266933
268432
268433
268434
268435
268436
268437
268438
268439
268440
268441
268442
268443
268444
268445
268446
268447
268448
268449
268450
268451
268666
268700
268701
268702
268703
268704
268705
268706
268707
268709
268711
268712
268713
268714
268715
268716
268717
268723
268724
268725
268726
268727
268728
268730
268731
268733
268739
268741
268755
268756
268758
268762
268768
268769
268770
268771
268772
268774
268776
268778
268779
268782
268784
268785
268786
268787
268788
268789
268790
268792
268796
268798
268799
269147
269150
269153
269156
269177
269188
269194
269198
269207
269219
270933
270936
270940
270942
275056
270947
270949
270951
271257
271754
271954
271957
271963
271976
271979
271986
271989
272001
272007
272010
272013
272016
272019
272022
272037
272040
272328
272329
272871
272891
272893
272894
272932
272938
273006
273143
273145
273146
273150
273298
273435
273437
273438
273467
273582
273609
273610
273618
273620
273622
273626
273628
273630
273657
273667
273674
273679
273715
273726
273736
273756
273766
273792
273815
273829
273842
274563
274566
274569
274572
274575
274578
274581
274584
274587
274590
274593
274596
274599
274602
274605
274608
274611
274613
274616
274619
274622
274628
274631
274634
274637
274640
274644
274647
274650
274653
274656
275038
275040
275047
275050
275051
275052
275053
275057
275058
275059
275060
275062
275063
275064
275065
275066
275067
275068
275381
275399
275401
275484
275495
275496
275519
275521
275732
275743
275755
275757
275917
275921
275926
275927
275945
275946
275947
275948
275950
275954
275986
275996
276008
276029
276030
276031
276032
276035
276036
276037
276038
276093
276229
276250
276259
276268
276277
276286
276295
276298
276301
276304
276307
276310
276313
276316
276319
276322
276325
276328
276763
276793
276797
276803
277264
277267
277291
277306
277497
277511
277541
277987
278038
278042
278066
278072
278319
278320
278346
278348
278349
279356
281134
281214
281232
281235
281261
278351
278352
278415
278416
278420
278421
278634
278955
278963
278965
278984
278985
279000
279001
279003
279009
279024
279025
279038
279060
279065
279066
279068
279069
279070
279075
279079
279080
279081
279180
279247
279263
279267
279271
279276
279277
279278
279283
279284
279287
279288
279289
279290
279293
279299
279302
279312
279313
279314
279335
279352
279361
279370
279373
279379
279393
279522
279626
279635
279637
279640
279643
279646
279653
279656
279664
279665
279666
279667
279668
279670
279673
279679
279696
279699
279701
279704
279706
279709
279710
279711
279714
279721
279725
279952
279953
279954
279955
279956
280007
280141
280149
281108
281116
281122
281125
281128
281131
281137
281140
281143
281149
281166
281181
281183
281186
281192
281197
281212
281220
281229
281241
281244
281246
281248
281250
281253
281255
281258
281264
281394
281406
282392
282395
283868
283869
284851
284994
284995
285273
285274
285325
285346
285402
285408
285419
285421
285423
285432
285434
285446
285447
285469
285470
285509
285607
285643
285645
285647
285850
285856
285857
285858
285859
285860
285861
285862
285863
285864
286080
286081
286085
286113
286114
286117
286120
286122
286132
286133
286140
286141
286154
286155
286305
286307
286316
286428
286445
287762
287976
288015
288224
288678
288695
288699
289032
289033
289035
289049
289051
289222
289223
289224
289225
289847
289970
289976
291009
291013
291015
291020
291021
291026
291027
291036
291037
291038
291041
291115
291116
232799
249318
256251
234578
260183
260193
260227
260235
260249
260255
260477
261638
261789
261781
261784
261785
261787
261795
262004
262006
262022
262032
262036
262046
262050
262057
262071
263625
264009
264553
265188
265422
268777
268800
271740
271759
271967
271973
271983
271998
272025
273004
273607
275522
275525
275742
275935
279311
280002
285683